Age,Tenure,MonthlyCharges,TotalCharges,Churn
78,15,97.76400561850109,1469.0819341366077,1
68,32,82.29578905510417,2656.9555466457045,1
54,32,92.03754107861354,2720.1685787760116,1
82,24,128.20614994179323,3388.372564776787,0
47,12,61.29541397667803,201.73475302883912,0
60,2,70.44653764562246,69.70333278059816,0
78,3,64.14023778195775,252.56852920182268,0
58,17,63.66559220870731,1339.5344845773986,1
62,2,136.99145256099064,629.790344166426,0
50,2,123.32920734420213,-315.6626312305302,0
50,28,102.67564461785926,2107.8609639322485,0
63,23,68.80507445859013,2221.3551234968277,1
75,32,104.24542876051491,3502.010726326273,0
79,33,102.61245937025092,3011.967890940003,0
63,1,75.58816829190137,851.1641560531629,0
42,19,99.04664843141758,1939.7236373433634,1
61,2,95.86542609576361,781.3794442234405,0
41,26,115.42650882469948,3034.8484701472407,1
63,32,117.15842857808794,4779.443676939807,1
83,6,64.077360879484,1262.1345864985062,0
69,32,93.71513531638242,2874.4022558847005,1
77,4,116.32739241428128,951.0950451343028,1
41,11,105.2822632722079,1480.7928707868605,1
60,17,137.084085706949,3014.745235784307,0
72,24,119.28242684570505,2380.3165140068686,0
51,5,74.66409843732868,716.3462221858631,1
61,34,66.35118726603869,2785.1526104701097,0
83,6,117.8177350385684,-172.4633329801468,1
64,22,62.386017948745966,780.8631385395238,1
88,11,112.7198023146117,220.30173658067838,1
66,16,144.6207217282462,2179.2281304296603,0
81,33,111.7926760088291,4047.9294361893412,0
67,9,94.93529335858697,1605.5961662752968,1
55,6,117.89593965981179,744.4230281687583,1
54,16,101.2427601442365,2434.19193509343,0
86,29,109.10551103843414,2474.009091007145,1
83,3,144.73183278988728,-417.4957213079155,1
42,20,94.74923740206968,1867.2108985930843,0
76,19,146.50715074415228,2975.668588608547,0
46,26,141.48155777604575,3662.1731281301427,0
60,3,77.62120213103668,-800.8574436268282,0
48,19,66.24251707876489,1214.0478047401386,0
78,20,69.0700201239684,729.1656522269415,1
57,32,61.63996430863948,2307.3151322914823,0
43,7,68.49986646803356,662.798188324659,0
64,33,121.47060960747211,3538.590223882902,0
53,18,66.40697836142061,938.3921518372244,0
89,1,88.70780672643852,-440.89895421803726,1
48,11,136.0387779872509,1465.0870092231742,0
65,28,62.09447421622433,2216.2164383049003,0
41,25,133.3021634330042,2839.6910626573335,1
59,23,85.366929729606,2215.46264153986,0
67,31,70.63483448594906,1924.5510598782005,0
86,30,122.70634488277356,3284.7539303520352,0
46,35,116.60485621018955,4027.6547873793556,0
83,7,138.97248121743476,455.1862073123564,0
47,16,126.15639394234972,1741.6776504040045,0
86,26,132.31328373463637,2841.2064308061217,0
74,2,85.38311153141758,1153.1287895210298,1
53,1,75.96955894017505,93.60133492603936,0
56,12,127.55532764767725,1180.8011777758343,0
75,5,132.61512653405376,770.0655880373797,1
89,32,149.1454627800606,4716.490784116524,0
79,9,97.13559092202838,763.7355185316442,1
43,35,93.48162772135049,3578.94032026898,0
41,19,129.87716646677973,2846.4200178924675,1
45,16,90.67231862277161,1185.5065241590821,0
81,3,143.76815930432082,143.39535759062244,0
43,20,137.25714766587106,2607.617104741599,0
68,24,98.60946246375165,1215.6665167622475,1
57,33,127.57839610123476,3452.491540241471,0
65,24,127.90885866762142,3753.2497417451764,0
83,11,69.28114819523394,1584.576486898215,0
73,8,141.229761601161,1005.3200730310988,1
49,20,105.47271352030714,2397.732751934026,0
75,35,134.38117194969675,4858.966095511154,1
53,25,88.80446409275505,3759.5520065464952,0
70,35,140.59709056465803,5480.68562548032,0
87,25,95.02815108607469,2311.744981411484,0
54,29,60.97538863322685,1290.5160500633656,0
47,18,141.48437787773372,1743.4956416704208,0
53,18,68.21580091075202,1329.616234327148,0
62,2,88.73822738313734,-200.698917875877,1
79,35,145.50557703457244,4381.568341411199,0
60,16,145.55464322438004,2005.5878494688172,0
55,33,111.60940993109575,3142.3365259189623,0
84,4,116.86534909528193,1311.03221391741,0
57,33,100.36009697804877,3752.7030787503345,0
86,14,86.3889694528258,1205.4592516812527,0
63,21,89.57980908329243,2621.148060194154,0
65,20,120.52666104693346,2449.2173747624784,1
64,8,127.7137076493912,591.0675605309978,1
84,7,131.24211393532636,1680.2568361821131,0
80,3,131.06563285150986,662.6519203968589,0
68,17,68.20854927438214,640.9222605012682,1
54,33,104.49782742323234,3353.258965924863,0
84,12,65.18028840149799,344.3543341255972,0
40,22,109.4575994091362,1716.6673215188284,0
64,22,99.73774512360393,2657.3191664851074,1
46,30,139.89337644824698,5151.509613682474,1
48,8,91.58235112968708,33.37502212792606,0
63,27,70.53603147848453,2185.957468264368,0
40,27,72.86925138475523,1642.1485028274778,0
83,34,128.5359568545725,4126.659841173117,1
47,21,115.63962569846349,2132.2351775482985,0
63,30,69.10104085105112,1641.035840691626,0
50,33,67.56961255034977,2254.0580281339558,1
56,28,123.0872218313208,3030.9671530714636,0
47,33,66.54867057277741,2331.3345417915743,1
74,5,133.96740533613206,644.7179719560918,0
74,19,123.56180044408465,2228.2001850044035,0
72,4,67.32139025777099,-184.49626998971502,0
44,35,67.63539426766727,2078.853134084188,1
81,17,148.79756206510578,2907.2541680196764,1
78,28,93.68437161805083,2873.620999117614,1
80,30,93.35779323602019,2311.95617468133,0
67,29,133.15196105317523,3911.0730232566943,1
46,6,145.25237196454728,1247.2077934731783,0
48,35,148.74009574405838,4371.200710481357,0
47,24,127.80403667330475,3338.976976349282,1
51,29,93.86336269778242,2390.7256387627667,0
73,31,67.5150645028802,2378.2663338858656,0
72,35,129.94322243346932,4166.383206900167,0
87,33,110.25638247622246,2736.0195713830817,0
62,21,98.17998083222787,1248.0083785352037,0
63,32,141.57189465852625,4554.343102403531,0
76,23,70.00777340755361,1740.040039234474,0
74,33,104.33625938617732,2990.9382471916474,1
83,3,61.02182802906771,502.36171347589016,1
79,18,102.17945777947136,1008.4702088960046,0
61,25,65.06729481136536,1593.6424709604755,0
66,31,70.69361246412647,1585.9938865066924,0
74,3,70.57736220993944,-114.18596727126129,0
40,24,118.42892719044572,2865.993588228904,0
74,32,127.1440391338881,3638.402569642443,1
76,22,112.50318885874437,2282.7923827774634,0
86,23,146.59552936270876,3874.8435799495214,0
53,2,93.73835215713336,-100.96923044730767,0
42,27,85.71408776536747,2732.126425697493,0
40,2,138.17392153705143,-288.5055842547062,1
44,26,80.12362546675074,2348.1163510931606,1
65,17,146.690028549655,3214.5147956730852,0
53,33,61.09390272208347,780.2765397651099,1
78,9,147.2890944036875,927.1542218979492,0
66,29,63.88439207555185,2141.1834337812734,1
48,26,140.2028802328264,3543.7521930319904,1
54,35,107.49309981776699,3947.831430307499,0
54,25,149.36683165073703,3432.1781979105153,0
65,24,66.6416908261859,1642.6954735649115,0
81,13,109.84688559611887,1350.1708950535055,0
52,7,147.2372282057189,1614.551628269936,1
71,20,107.0788059753134,2268.786541156874,0
78,1,116.64587743217363,285.4472084697747,0
88,8,122.61738200861555,775.0005730076907,1
71,16,100.90869582909959,1370.7360212293465,1
43,14,116.4802272075657,1414.4440869961095,0
69,12,112.58828807307903,1548.2855280660967,0
76,23,141.104220944189,3034.904841306215,0
62,15,64.09017423073121,1106.2400419091746,0
78,28,85.28668706330073,3425.7276370951395,1
84,34,145.53703356689027,5383.821492990116,0
54,2,140.12374055018248,117.23571501644437,0
82,32,101.00910775071416,3832.8984091048255,0
68,23,115.81193380213831,2459.6367909384057,0
75,22,84.96430646830194,850.1524747137157,1
52,25,76.93090437513852,1419.229453919761,1
71,22,101.7328564445984,1302.726881268237,0
46,22,91.80170052234476,1843.8806694709303,0
61,6,112.52905006657849,684.3834899942467,0
67,15,66.99611732684863,1843.1604160403708,1
41,33,147.69553268995497,5037.416265650596,1
81,8,148.75896700316426,1080.521471620882,0
84,5,122.83455426177706,1028.87556190063,1
45,4,108.24867297097083,-672.5729626200592,1
67,6,87.8574854657695,644.9521918488999,0
67,32,133.2415517736254,4649.1622536994955,1
83,30,121.62580552984913,2909.481043005553,0
83,35,74.63552454104021,3184.120380539872,0
59,16,141.98344660444582,2440.9833494183404,0
69,13,134.02835186308522,1534.724617269707,0
50,30,145.48199219627315,4680.850698941337,0
67,19,125.3147557549524,3516.3267882462933,1
64,17,115.20736763422109,2049.458377311006,0
78,19,97.6418732661557,1979.3058852071263,1
72,28,143.9455635018612,3800.7953282819913,0
40,26,137.94575005503674,3161.6673166985593,0
66,26,64.06968030955704,2080.979596320606,0
52,23,62.37302770475268,1006.537724254878,0
80,9,93.88170301902447,880.7184457809165,1
42,12,132.94979977036496,1356.5688738618212,0
78,1,148.854851638345,388.34476451154103,0
45,1,73.53752019931754,240.36857284279176,0
47,34,113.47176438169217,4376.809961106484,1
66,32,94.28017709679193,2761.957467669968,1
48,25,147.2922958033143,3547.3699274361716,1
76,1,135.79070308221378,-353.5911548089399,0
72,16,135.4495834240024,1945.0467047459829,0
81,5,102.18238438154732,699.5621684301626,0
83,22,97.33375521038987,2519.8369229512527,0
63,29,84.60663647376356,1992.5097956503307,0
